24 顶点 26 边
1  7  9             
2  7  5              
3 23  4              
3 24  8              
4 23  2              
5 10  2              
5 13  5              
6  9  5     
6 21  1              
7 12  3              
8  9  2              
8 10  4              
8 12  6              
9 11  5              
10 14  1              
11 13  2              
11 16  8              
12 15  2              
13 17  3              
14 18  2              
15 18  7              
16 19  8              
17 20  2              
19 20  6              
21 22  6              
22 23  3     

最小生成树
6 21 1
10 14 1
17 20 2
4 23 2
5 10 2
11 13 2
12 15 2
14 18 2
8 9 2
7 12 3
13 17 3
22 23 3
3 23 4
8 10 4
5 13 5
2 7 5
6 9 5
8 12 6
19 20 6
21 22 6
3 24 8
16 19 8
1 7 9         