0 2 id
0 3 if
0 4 while
0 1 S
1 5 ;
1 acc #
2 6 :=
3 9 id
3 8 -
3 10 not
3 11 (
3 12 True
3 13 False
3 7 E
4 14 M
5 15 M
6 9 id
6 8 -
6 10 not
6 11 (
6 12 True
6 13 False
6 16 E
7 18 +
7 19 *
7 20 ||
7 21 &&
7 22 rop
7 17 then
8 9 id
8 8 -
8 10 not
8 11 (
8 12 True
8 13 False
8 23 E
10 9 id
10 8 -
10 10 not
10 11 (
10 12 True
10 13 False
10 24 E
11 9 id
11 8 -
11 10 not
11 11 (
11 12 True
11 13 False
11 25 E
14 9 id
14 8 -
14 10 not
14 11 (
14 12 True
14 13 False
14 E 26
15 2 id
15 3 if
15 4 while
15 27 S
16 18 +
16 19 *
16 20 ||
16 21 &&
16 22 rop
17 28 M
18 9 id
18 8 -
18 10 not
18 11 (
18 12 True
18 13 False
18 29 E
19 9 id
19 8 -
19 10 not
19 11 (
19 12 True
19 13 False
19 30 E
20 9 id
20 8 -
20 10 not
20 11 (
20 12 True
20 13 False
20 31 E
21 9 id
21 8 -
21 10 not
21 11 (
21 12 True
21 13 False
21 32 E
22 9 id
22 8 -
22 10 not
22 11 (
22 12 True
22 13 False
22 33 E
23 18 +
23 19 *
23 20 ||
23 21 &&
23 22 rop
24 18 +
24 19 *
24 20 ||
24 21 &&
24 22 rop
25 18 +
25 19 *
25 20 ||
25 21 &&
25 22 rop
25 34 )
26 18 +
26 19 *
26 20 ||
26 21 &&
26 22 rop
26 35 do
27 5 ;
28 2 id
28 3 if
28 4 while
28 36 S
29 18 +
29 19 *
29 20 ||
29 21 &&
29 22 rop
30 18 +
30 19 *
30 20 ||
30 21 &&
30 22 rop
31 18 +
31 19 *
31 20 ||
31 21 &&
31 22 rop
32 18 +
32 19 *
32 20 ||
32 21 &&
32 22 rop
33 18 +
33 19 *
33 20 ||
33 21 &&
33 22 rop
35 37 M
36 38 N
36 5 ;
37 2 id
37 3 if
37 4 while
37 39 S
38 40 else
39 5 ;
40 41 M
41 2 id
41 3 if
41 4 while
41 42 S
42 5 ;